0 FILE main.ldr
0 Untitled
0 Name: Untitled.ldr
0 Author: SnapCAD
0 Unofficial Model
0 ROTATION CENTER 0 0 0 1 "Custom" 
0 ROTATION CONFIG 0 0
0
1 0 96 208 -304 1 0 0 0 -1 0 0 0 -1 228-2500-220-v2.dat
0 STEP
0 STEP
1 72 96 240 480 1 0 0 0 1 0 0 0 1 228-2500-025.dat
1 73 96 256 288 1 0 0 0 0 1 0 -1 0 228-2500-060.dat
1 73 96 256 352 1 0 0 0 0 1 0 -1 0 228-2500-060.dat
1 73 112 256 368 1 0 0 0 0 1 0 -1 0 228-2500-060.dat
1 73 112 256 336 1 0 0 0 0 1 0 -1 0 228-2500-060.dat
1 73 80 256 336 1 0 0 0 0 1 0 -1 0 228-2500-060.dat
1 73 80 256 368 1 0 0 0 0 1 0 -1 0 228-2500-060.dat
1 73 112 256 304 1 0 0 0 0 1 0 -1 0 228-2500-060.dat
1 73 112 256 272 1 0 0 0 0 1 0 -1 0 228-2500-060.dat
1 73 80 256 272 1 0 0 0 0 1 0 -1 0 228-2500-060.dat
1 73 96 256 256 1 0 0 0 0 1 0 -1 0 228-2500-060.dat
1 73 96 256 384 1 0 0 0 0 1 0 -1 0 228-2500-060.dat
1 73 112 256 400 1 0 0 0 0 1 0 -1 0 228-2500-060.dat
1 73 80 256 400 1 0 0 0 0 1 0 -1 0 228-2500-060.dat
1 73 112 256 240 1 0 0 0 0 1 0 -1 0 228-2500-060.dat
1 73 80 256 240 1 0 0 0 0 1 0 -1 0 228-2500-060.dat
0 STEP
1 72 96 272 320 1 0 0 0 -1 0 0 0 -1 228-2500-021.dat
1 73 80 224 -320 1 0 0 0 1 0 0 0 1 228-2500-060.dat
1 73 112 224 -320 1 0 0 0 1 0 0 0 1 228-2500-060.dat
1 73 112 192 -320 1 0 0 0 1 0 0 0 1 228-2500-060.dat
1 73 80 192 -320 1 0 0 0 1 0 0 0 1 228-2500-060.dat
1 73 96 208 -320 1 0 0 0 1 0 0 0 1 228-2500-060.dat
0 STEP
1 73 112 -160 -320 -1 0 0 0 -1 0 0 0 1 228-2500-060.dat
1 0 96 -176 -304 -1 0 0 0 1 0 0 0 -1 228-2500-220-v2.dat
1 72 96 -208 480 -1 0 0 0 -1 0 0 0 1 228-2500-025.dat
1 73 96 -224 288 -1 0 0 0 0 -1 0 -1 0 228-2500-060.dat
1 73 96 -224 352 -1 0 0 0 0 -1 0 -1 0 228-2500-060.dat
1 73 80 -224 368 -1 0 0 0 0 -1 0 -1 0 228-2500-060.dat
1 73 80 -224 336 -1 0 0 0 0 -1 0 -1 0 228-2500-060.dat
1 73 112 -224 336 -1 0 0 0 0 -1 0 -1 0 228-2500-060.dat
1 73 112 -224 368 -1 0 0 0 0 -1 0 -1 0 228-2500-060.dat
1 73 80 -224 304 -1 0 0 0 0 -1 0 -1 0 228-2500-060.dat
1 73 80 -224 272 -1 0 0 0 0 -1 0 -1 0 228-2500-060.dat
1 73 112 -224 272 -1 0 0 0 0 -1 0 -1 0 228-2500-060.dat
1 73 112 -224 304 -1 0 0 0 0 -1 0 -1 0 228-2500-060.dat
1 73 96 -224 256 -1 0 0 0 0 -1 0 -1 0 228-2500-060.dat
1 73 96 -224 384 -1 0 0 0 0 -1 0 -1 0 228-2500-060.dat
1 73 80 -224 400 -1 0 0 0 0 -1 0 -1 0 228-2500-060.dat
1 73 112 -224 400 -1 0 0 0 0 -1 0 -1 0 228-2500-060.dat
1 73 80 -224 240 -1 0 0 0 0 -1 0 -1 0 228-2500-060.dat
1 73 112 -224 240 -1 0 0 0 0 -1 0 -1 0 228-2500-060.dat
1 72 96 -240 320 -1 0 0 0 1 0 0 0 -1 228-2500-021.dat
1 73 112 -192 -320 -1 0 0 0 -1 0 0 0 1 228-2500-060.dat
1 73 80 -192 -320 -1 0 0 0 -1 0 0 0 1 228-2500-060.dat
1 73 80 -160 -320 -1 0 0 0 -1 0 0 0 1 228-2500-060.dat
1 73 96 -176 -320 -1 0 0 0 -1 0 0 0 1 228-2500-060.dat
0 STEP
1 73 112 -128 -80 -1 0 0 0 0 1 0 1 0 228-2500-060.dat
1 72 96 144 320 -1 0 0 0 1 0 0 0 -1 228-2500-021.dat
1 72 96 176 480 -1 0 0 0 -1 0 0 0 1 228-2500-025.dat
1 73 96 160 288 -1 0 0 0 0 -1 0 -1 0 228-2500-060.dat
1 73 96 160 352 -1 0 0 0 0 -1 0 -1 0 228-2500-060.dat
1 73 80 160 368 -1 0 0 0 0 -1 0 -1 0 228-2500-060.dat
1 73 80 160 336 -1 0 0 0 0 -1 0 -1 0 228-2500-060.dat
1 73 112 160 336 -1 0 0 0 0 -1 0 -1 0 228-2500-060.dat
1 73 112 160 368 -1 0 0 0 0 -1 0 -1 0 228-2500-060.dat
1 73 80 160 304 -1 0 0 0 0 -1 0 -1 0 228-2500-060.dat
1 73 96 160 384 -1 0 0 0 0 -1 0 -1 0 228-2500-060.dat
1 73 80 160 400 -1 0 0 0 0 -1 0 -1 0 228-2500-060.dat
1 73 112 160 400 -1 0 0 0 0 -1 0 -1 0 228-2500-060.dat
1 72 96 -112 0 -1 0 0 0 -1 0 0 0 1 228-2500-021.dat
1 72 96 -144 -160 -1 0 0 0 1 0 0 0 -1 228-2500-025.dat
1 73 96 -128 32 -1 0 0 0 0 1 0 1 0 228-2500-060.dat
1 73 96 -128 -32 -1 0 0 0 0 1 0 1 0 228-2500-060.dat
1 73 80 -128 -48 -1 0 0 0 0 1 0 1 0 228-2500-060.dat
1 73 80 -128 -16 -1 0 0 0 0 1 0 1 0 228-2500-060.dat
1 73 112 -128 -16 -1 0 0 0 0 1 0 1 0 228-2500-060.dat
1 73 112 -128 -48 -1 0 0 0 0 1 0 1 0 228-2500-060.dat
1 73 80 -128 16 -1 0 0 0 0 1 0 1 0 228-2500-060.dat
1 73 80 -128 48 -1 0 0 0 0 1 0 1 0 228-2500-060.dat
1 73 112 -128 48 -1 0 0 0 0 1 0 1 0 228-2500-060.dat
1 73 96 -128 64 -1 0 0 0 0 1 0 1 0 228-2500-060.dat
1 73 96 -128 -64 -1 0 0 0 0 1 0 1 0 228-2500-060.dat
1 73 80 -128 -80 -1 0 0 0 0 1 0 1 0 228-2500-060.dat
1 73 80 -128 80 -1 0 0 0 0 1 0 1 0 228-2500-060.dat
1 73 112 -128 80 -1 0 0 0 0 1 0 1 0 228-2500-060.dat
1 0 96 208 624 1 0 0 0 1 0 0 0 1 228-2500-220-v2.dat
1 0 96 -176 624 1 0 0 0 1 0 0 0 1 228-2500-220-v2.dat
0 STEP
1 73 96 -168 -224 1 0 0 0 0 -1 0 1 0 228-2500-233.dat
1 73 96 -168 544 1 0 0 0 0 -1 0 1 0 228-2500-233.dat
1 73 96 -168 160 1 0 0 0 0 -1 0 1 0 228-2500-233.dat
1 80 96 -188 160 1 0 0 0 0 -1 0 1 0 228-2500-122.dat
1 0 96 -184 160 1 0 0 0 0 -1 0 1 0 228-2500-143-v2.dat
1 0 96 -200 160 1 0 0 0 0 -1 0 1 0 228-2500-114.dat
1 0 96 -144 160 1 0 0 0 0 -1 0 1 0 228-2500-114.dat
1 0 96 -152 160 1 0 0 0 0 -1 0 1 0 228-2500-143-v2.dat
1 0 96 -240 160 1 0 0 0 0 -1 0 1 0 228-2500-114.dat
1 80 96 -188 544 1 0 0 0 0 -1 0 1 0 228-2500-122.dat
1 0 96 -184 544 1 0 0 0 0 -1 0 1 0 228-2500-143-v2.dat
1 0 96 -200 544 1 0 0 0 0 -1 0 1 0 228-2500-114.dat
1 0 96 -144 544 1 0 0 0 0 -1 0 1 0 228-2500-114.dat
1 0 96 -152 544 1 0 0 0 0 -1 0 1 0 228-2500-143-v2.dat
1 0 96 -112 544 1 0 0 0 0 -1 0 1 0 228-2500-143-v2.dat
1 80 96 -189 -228 -1 0 0 0 0 -1 0 -1 0 228-2500-122.dat
1 0 96 -185 -228 -1 0 0 0 0 -1 0 -1 0 228-2500-143-v2.dat
1 0 96 -201 -228 -1 0 0 0 0 -1 0 -1 0 228-2500-114.dat
1 0 96 -145 -228 -1 0 0 0 0 -1 0 -1 0 228-2500-114.dat
1 0 96 -153 -228 -1 0 0 0 0 -1 0 -1 0 228-2500-143-v2.dat
1 0 96 -113 -228 -1 0 0 0 0 -1 0 -1 0 228-2500-143-v2.dat
1 80 96 220 -224 1 0 0 0 0 1 0 -1 0 228-2500-122.dat
1 73 96 199 -220 -1 0 0 0 0 1 0 1 0 228-2500-233.dat
1 73 96 199 548 -1 0 0 0 0 1 0 1 0 228-2500-233.dat
1 73 96 199 164 -1 0 0 0 0 1 0 1 0 228-2500-233.dat
1 80 96 219 164 -1 0 0 0 0 1 0 1 0 228-2500-122.dat
1 0 96 215 164 -1 0 0 0 0 1 0 1 0 228-2500-143-v2.dat
1 0 96 231 164 -1 0 0 0 0 1 0 1 0 228-2500-114.dat
1 0 96 175 164 -1 0 0 0 0 1 0 1 0 228-2500-114.dat
1 0 96 183 164 -1 0 0 0 0 1 0 1 0 228-2500-143-v2.dat
1 0 96 255 164 -1 0 0 0 0 1 0 1 0 228-2500-143-v2.dat
1 0 96 271 164 -1 0 0 0 0 1 0 1 0 228-2500-114.dat
1 80 96 219 548 -1 0 0 0 0 1 0 1 0 228-2500-122.dat
1 0 96 215 548 -1 0 0 0 0 1 0 1 0 228-2500-143-v2.dat
1 0 96 231 548 -1 0 0 0 0 1 0 1 0 228-2500-114.dat
1 0 96 175 548 -1 0 0 0 0 1 0 1 0 228-2500-114.dat
1 0 96 183 548 -1 0 0 0 0 1 0 1 0 228-2500-143-v2.dat
1 0 96 143 548 -1 0 0 0 0 1 0 1 0 228-2500-143-v2.dat
1 0 96 263 548 -1 0 0 0 0 1 0 1 0 228-2500-143-v2.dat
1 0 96 255 548 -1 0 0 0 0 1 0 1 0 228-2500-114.dat
1 0 96 216 -224 1 0 0 0 0 1 0 -1 0 228-2500-143-v2.dat
1 0 96 232 -224 1 0 0 0 0 1 0 -1 0 228-2500-114.dat
1 0 96 176 -224 1 0 0 0 0 1 0 -1 0 228-2500-114.dat
1 0 96 184 -224 1 0 0 0 0 1 0 -1 0 228-2500-143-v2.dat
1 0 96 144 -224 1 0 0 0 0 1 0 -1 0 228-2500-143-v2.dat
0 STEP
1 73 80 -192 640 1 0 0 0 1 0 0 0 1 228-2500-060.dat
1 73 80 -160 640 1 0 0 0 1 0 0 0 1 228-2500-060.dat
1 73 96 -176 640 1 0 0 0 1 0 0 0 1 228-2500-060.dat
1 73 112 -192 640 1 0 0 0 1 0 0 0 1 228-2500-060.dat
1 73 112 -160 640 1 0 0 0 1 0 0 0 1 228-2500-060.dat
1 73 80 192 640 1 0 0 0 1 0 0 0 1 228-2500-060.dat
1 73 80 224 640 1 0 0 0 1 0 0 0 1 228-2500-060.dat
1 73 96 208 640 1 0 0 0 1 0 0 0 1 228-2500-060.dat
1 73 112 192 640 1 0 0 0 1 0 0 0 1 228-2500-060.dat
1 73 112 224 640 1 0 0 0 1 0 0 0 1 228-2500-060.dat
1 72 -64 -224 -128 0 0 1 0 -1 0 1 0 0 228-2500-045.dat
1 73 80 -224 -80 -0.5 0.866 0 0 0 1 0.866 0.5 0 228-2500-060.dat
1 73 80 -224 -112 -0.5 0.866 0 0 0 1 0.866 0.5 0 228-2500-060.dat
1 73 96 -224 -128 -0.5 0.866 0 0 0 1 0.866 0.5 0 228-2500-060.dat
1 73 80 -224 -144 -0.5 0.866 0 0 0 1 0.866 0.5 0 228-2500-060.dat
1 73 80 -224 -176 -0.5 0.866 0 0 0 1 0.866 0.5 0 228-2500-060.dat
1 73 96 -224 -160 -0.5 0.866 0 0 0 1 0.866 0.5 0 228-2500-060.dat
1 73 112 -224 -176 -0.5 0.866 0 0 0 1 0.866 0.5 0 228-2500-060.dat
1 73 112 -224 -144 -0.5 0.866 0 0 0 1 0.866 0.5 0 228-2500-060.dat
1 73 112 -224 -112 -0.5 0.866 0 0 0 1 0.866 0.5 0 228-2500-060.dat
1 73 112 -224 -80 -0.5 0.866 0 0 0 1 0.866 0.5 0 228-2500-060.dat
1 73 96 -224 -96 -0.5 0.866 0 0 0 1 0.866 0.5 0 228-2500-060.dat
1 73 112 258.2 -80 -0.5 0.866 0 0 0 -1 -0.866 -0.5 0 228-2500-060.dat
1 72 -64 258.2 -128 0 0 1 0 1 0 -1 0 0 228-2500-045.dat
1 73 80 258.2 -176 -0.5 0.866 0 0 0 -1 -0.866 -0.5 0 228-2500-060.dat
1 73 80 258.2 -144 -0.5 0.866 0 0 0 -1 -0.866 -0.5 0 228-2500-060.dat
1 73 96 258.2 -128 -0.5 0.866 0 0 0 -1 -0.866 -0.5 0 228-2500-060.dat
1 73 80 258.2 -112 -0.5 0.866 0 0 0 -1 -0.866 -0.5 0 228-2500-060.dat
1 73 80 258.2 -80 -0.5 0.866 0 0 0 -1 -0.866 -0.5 0 228-2500-060.dat
1 73 96 258.2 -96 -0.5 0.866 0 0 0 -1 -0.866 -0.5 0 228-2500-060.dat
1 73 112 258.2 -112 -0.5 0.866 0 0 0 -1 -0.866 -0.5 0 228-2500-060.dat
1 73 112 258.2 -144 -0.5 0.866 0 0 0 -1 -0.866 -0.5 0 228-2500-060.dat
1 73 112 258.2 -176 -0.5 0.866 0 0 0 -1 -0.866 -0.5 0 228-2500-060.dat
1 73 96 258.2 -160 -0.5 0.866 0 0 0 -1 -0.866 -0.5 0 228-2500-060.dat
1 72 -64 256 464 0 0 -1 0 1 0 1 0 0 228-2500-037.dat
1 73 80 256 432 0 1 0 0 0 1 1 0 0 228-2500-060.dat
1 73 80 256 464 0 1 0 0 0 1 1 0 0 228-2500-060.dat
1 73 80 256 496 0 1 0 0 0 1 1 0 0 228-2500-060.dat
1 73 112 256 496 0 1 0 0 0 1 1 0 0 228-2500-060.dat
1 73 112 256 464 0 1 0 0 0 1 1 0 0 228-2500-060.dat
1 73 112 256 432 0 1 0 0 0 1 1 0 0 228-2500-060.dat
1 73 96 256 448 0 1 0 0 0 1 1 0 0 228-2500-060.dat
1 73 96 256 480 0 1 0 0 0 1 1 0 0 228-2500-060.dat
1 73 80 -224 432 0 1 0 0 0 -1 -1 0 0 228-2500-060.dat
1 72 -64 -224 464 0 0 -1 0 -1 0 -1 0 0 228-2500-037.dat
1 73 80 -224 496 0 1 0 0 0 -1 -1 0 0 228-2500-060.dat
1 73 80 -224 464 0 1 0 0 0 -1 -1 0 0 228-2500-060.dat
1 73 112 -224 432 0 1 0 0 0 -1 -1 0 0 228-2500-060.dat
1 73 112 -224 464 0 1 0 0 0 -1 -1 0 0 228-2500-060.dat
1 73 112 -224 496 0 1 0 0 0 -1 -1 0 0 228-2500-060.dat
1 73 96 -224 480 0 1 0 0 0 -1 -1 0 0 228-2500-060.dat
1 73 96 -224 448 0 1 0 0 0 -1 -1 0 0 228-2500-060.dat
0 STEP
1 72 -224 -240 160 1 0 0 0 -1 0 0 0 -1 228-2500-030.dat
1 73 -240 -240 -80 1 0 0 0 0 1 0 -1 0 228-2500-060.dat
1 73 -240 -240 -112 1 0 0 0 0 1 0 -1 0 228-2500-060.dat
1 73 -240 -240 -144 1 0 0 0 0 1 0 -1 0 228-2500-060.dat
1 73 -208 -240 -144 1 0 0 0 0 1 0 -1 0 228-2500-060.dat
1 73 -208 -240 -112 1 0 0 0 0 1 0 -1 0 228-2500-060.dat
1 73 -208 -240 -80 1 0 0 0 0 1 0 -1 0 228-2500-060.dat
1 73 -208 -240 464 1 0 0 0 0 1 0 -1 0 228-2500-060.dat
1 73 -240 -240 432 1 0 0 0 0 1 0 -1 0 228-2500-060.dat
1 73 -240 -240 464 1 0 0 0 0 1 0 -1 0 228-2500-060.dat
1 73 -208 -240 432 1 0 0 0 0 1 0 -1 0 228-2500-060.dat
1 73 -224 -240 448 1 0 0 0 0 1 0 -1 0 228-2500-060.dat
1 73 -64 -240 481 1 0 0 0 0 1 0 -1 0 228-2500-060.dat
1 72 -64 -240 193 1 0 0 0 -1 0 0 0 -1 228-2500-030.dat
1 73 -80 -240 -47 1 0 0 0 0 1 0 -1 0 228-2500-060.dat
1 73 -80 -240 -79 1 0 0 0 0 1 0 -1 0 228-2500-060.dat
1 73 -80 -240 -111 1 0 0 0 0 1 0 -1 0 228-2500-060.dat
1 73 -48 -240 -111 1 0 0 0 0 1 0 -1 0 228-2500-060.dat
1 73 -48 -240 -79 1 0 0 0 0 1 0 -1 0 228-2500-060.dat
1 73 -48 -240 -47 1 0 0 0 0 1 0 -1 0 228-2500-060.dat
1 73 -48 -240 497 1 0 0 0 0 1 0 -1 0 228-2500-060.dat
1 73 -80 -240 465 1 0 0 0 0 1 0 -1 0 228-2500-060.dat
1 73 -80 -240 497 1 0 0 0 0 1 0 -1 0 228-2500-060.dat
1 73 -48 -240 465 1 0 0 0 0 1 0 -1 0 228-2500-060.dat
1 73 -224 272 -128 1 0 0 0 0 -1 0 1 0 228-2500-060.dat
1 72 -224 272 160 1 0 0 0 1 0 0 0 1 228-2500-030.dat
1 73 -240 272 400 1 0 0 0 0 -1 0 1 0 228-2500-060.dat
1 73 -240 272 432 1 0 0 0 0 -1 0 1 0 228-2500-060.dat
1 73 -240 272 464 1 0 0 0 0 -1 0 1 0 228-2500-060.dat
1 73 -208 272 464 1 0 0 0 0 -1 0 1 0 228-2500-060.dat
1 73 -208 272 432 1 0 0 0 0 -1 0 1 0 228-2500-060.dat
1 73 -208 272 400 1 0 0 0 0 -1 0 1 0 228-2500-060.dat
1 73 -208 272 -144 1 0 0 0 0 -1 0 1 0 228-2500-060.dat
1 73 -240 272 -112 1 0 0 0 0 -1 0 1 0 228-2500-060.dat
1 73 -240 272 -144 1 0 0 0 0 -1 0 1 0 228-2500-060.dat
1 73 -208 272 -112 1 0 0 0 0 -1 0 1 0 228-2500-060.dat
1 73 -80 272 -80 1 0 0 0 0 -1 0 1 0 228-2500-060.dat
1 73 -64 272 -96 1 0 0 0 0 -1 0 1 0 228-2500-060.dat
1 72 -64 272 192 1 0 0 0 1 0 0 0 1 228-2500-030.dat
1 73 -80 272 432 1 0 0 0 0 -1 0 1 0 228-2500-060.dat
1 73 -80 272 464 1 0 0 0 0 -1 0 1 0 228-2500-060.dat
1 73 -80 272 496 1 0 0 0 0 -1 0 1 0 228-2500-060.dat
1 73 -48 272 496 1 0 0 0 0 -1 0 1 0 228-2500-060.dat
1 73 -48 272 464 1 0 0 0 0 -1 0 1 0 228-2500-060.dat
1 73 -48 272 432 1 0 0 0 0 -1 0 1 0 228-2500-060.dat
1 73 -48 272 -112 1 0 0 0 0 -1 0 1 0 228-2500-060.dat
1 73 -80 272 -112 1 0 0 0 0 -1 0 1 0 228-2500-060.dat
1 73 -48 272 -80 1 0 0 0 0 -1 0 1 0 228-2500-060.dat
1 72 -64 144.2 160 0 0 -1 0 -1 0 -1 0 0 228-2560.dat
0 STEP
0 STEP
1 72 -64 200 160 -1 0 0 0 0 1 0 1 0 228-2500-235.dat
1 72 -64 -112 160 0 0 -1 0 1 0 1 0 0 228-2560.dat
1 72 -64 -168 161 1 0 0 0 0 -1 0 1 0 228-2500-235.dat
1 0 -64 -200 161 1 0 0 0 0 1 0 -1 0 228-2500-143-v2.dat
1 0 -64 -240 161 1 0 0 0 0 1 0 -1 0 228-2500-143-v2.dat
1 0 -64 -270 161 1 0 0 0 0 1 0 -1 0 228-2500-143-v2.dat
1 0 -64 200 160 -1 0 0 0 0 -1 0 -1 0 228-2500-114.dat
1 0 -64 232 160 -1 0 0 0 0 -1 0 -1 0 228-2500-143-v2.dat
1 0 -64 272 160 1 0 0 0 0 -1 0 1 0 228-2500-143-v2.dat
1 0 -64 304 160 1 0 0 0 0 -1 0 1 0 228-2500-143-v2.dat
1 0 -64 -160 161 1 0 0 0 0 -1 0 1 0 228-2500-114.dat
0 STEP
1 0 96 128 164 1 0 0 0 0 1 0 -1 0 228-2500-143-v2.dat
1 73 112 160 304 -1 0 0 0 0 -1 0 -1 0 228-2500-060.dat
1 73 76 -127 52 -1 0 0 0 0 1 0 1 0 228-2500-060.dat
1 73 76 -127 20 -1 0 0 0 0 1 0 1 0 228-2500-060.dat
1 151 180 -749.8 -528 0 1 0 1 0 0 0 0 -1 228-2550-100.dat
1 151 180 -749.8 240 0 1 0 1 0 0 0 0 -1 228-2550-100.dat
1 151 180 18.2 -528 0 1 0 1 0 0 0 0 -1 228-2550-100.dat
1 151 180 18.2 240 0 1 0 1 0 0 0 0 -1 228-2550-100.dat
1 151 180 -749.8 -1296 0 1 0 1 0 0 0 0 -1 228-2550-100.dat
1 151 180 18.2 -1296 0 1 0 1 0 0 0 0 -1 228-2550-100.dat
1 151 180 786.2 -1296 0 1 0 1 0 0 0 0 -1 228-2550-100.dat
1 151 180 786.2 -528 0 1 0 1 0 0 0 0 -1 228-2550-100.dat
1 151 180 786.2 240 0 1 0 1 0 0 0 0 -1 228-2550-100.dat
1 151 180 794.2 624 0 1 0 -1 0 0 0 0 1 228-2550-003.dat
1 151 180 26.2 624 0 1 0 -1 0 0 0 0 1 228-2550-003.dat
1 151 180 -741.8 624 0 1 0 -1 0 0 0 0 1 228-2550-003.dat
1 72 -64 240 160 0 1 0 0 0 -1 -1 0 0 228-2500-122.dat
1 72 -64 -200 161 0 1 0 0 0 -1 -1 0 0 228-2500-122.dat
0 STEP
1 73 -144 -114 176 0 1 0 0 0 -1 -1 0 0 228-2500-060.dat
1 73 -144 -114 144 0 1 0 0 0 -1 -1 0 0 228-2500-060.dat
1 73 -112 -114 176 0 1 0 0 0 -1 -1 0 0 228-2500-060.dat
1 73 -112 -114 144 0 1 0 0 0 -1 -1 0 0 228-2500-060.dat
1 73 -128 -114 160 0 1 0 0 0 -1 -1 0 0 228-2500-060.dat
1 73 -48 -114 176 0 1 0 0 0 -1 -1 0 0 228-2500-060.dat
1 73 -48 -114 138 0 1 0 0 0 -1 -1 0 0 228-2500-060.dat
1 73 -80 -114 176 0 1 0 0 0 -1 -1 0 0 228-2500-060.dat
1 73 -80 -114 144 0 1 0 0 0 -1 -1 0 0 228-2500-060.dat
1 72 -64 -112 158 0 0 -1 0 -1 0 -1 0 0 228-2500-026.dat
1 72 -64 160 160 0 0 -1 0 -1 0 -1 0 0 228-2500-026.dat
1 73 -144 147 144 0 -1 0 0 0 1 -1 0 0 228-2500-060.dat
1 73 -144 147 176 0 -1 0 0 0 1 -1 0 0 228-2500-060.dat
1 73 -128 147 160 0 -1 0 0 0 1 -1 0 0 228-2500-060.dat
1 73 -112 147 176 0 -1 0 0 0 1 -1 0 0 228-2500-060.dat
1 73 -112 147 144 0 -1 0 0 0 1 -1 0 0 228-2500-060.dat
1 73 -80 147 144 0 -1 0 0 0 1 -1 0 0 228-2500-060.dat
1 73 -80 147 176 0 -1 0 0 0 1 -1 0 0 228-2500-060.dat
1 73 -48 147 176 0 -1 0 0 0 1 -1 0 0 228-2500-060.dat
1 73 -48 147 144 0 -1 0 0 0 1 -1 0 0 228-2500-060.dat
1 0 96 144 164 -1 0 0 0 0 -1 0 -1 0 228-2500-143-v2.dat
1 73 80 159 144 0 1 0 0 0 -1 -1 0 0 228-2500-060.dat
1 73 112 159 144 0 1 0 0 0 -1 -1 0 0 228-2500-060.dat
1 73 80 159 176 0 1 0 0 0 -1 -1 0 0 228-2500-060.dat
1 73 112 159 176 0 1 0 0 0 -1 -1 0 0 228-2500-060.dat
1 73 84 -128 142 0 1 0 0 0 -1 -1 0 0 228-2500-060.dat
1 73 116 -128 142 0 1 0 0 0 -1 -1 0 0 228-2500-060.dat
1 73 84 -128 174 0 1 0 0 0 -1 -1 0 0 228-2500-060.dat
1 73 116 -128 174 0 1 0 0 0 -1 -1 0 0 228-2500-060.dat
0 STEP
1 0 -240 272 176 0 1 0 0 0 1 1 0 0 228-2500-109.dat
1 0 -240 160 176 0 1 0 0 0 1 1 0 0 228-2500-069.dat
1 0 -240 272 144 0 1 0 0 0 1 1 0 0 228-2500-109.dat
1 0 -240 160 144 0 1 0 0 0 1 1 0 0 228-2500-069.dat
1 0 -208 272 144 0 1 0 0 0 1 1 0 0 228-2500-109.dat
1 0 -208 160 144 0 1 0 0 0 1 1 0 0 228-2500-069.dat
1 0 -208 272 176 0 1 0 0 0 1 1 0 0 228-2500-109.dat
1 0 -208 160 176 0 1 0 0 0 1 1 0 0 228-2500-069.dat
1 0 -224 272 160 0 1 0 0 0 1 1 0 0 228-2500-109.dat
1 0 -224 160 160 0 1 0 0 0 1 1 0 0 228-2500-069.dat
1 0 -224 -128 158 0 1 0 0 0 1 1 0 0 228-2500-109.dat
1 0 -240 -128 174 0 1 0 0 0 1 1 0 0 228-2500-109.dat
1 0 -240 -240 174 0 1 0 0 0 1 1 0 0 228-2500-069.dat
1 0 -240 -128 142 0 1 0 0 0 1 1 0 0 228-2500-109.dat
1 0 -240 -240 142 0 1 0 0 0 1 1 0 0 228-2500-069.dat
1 0 -208 -128 142 0 1 0 0 0 1 1 0 0 228-2500-109.dat
1 0 -208 -240 142 0 1 0 0 0 1 1 0 0 228-2500-069.dat
1 0 -208 -128 174 0 1 0 0 0 1 1 0 0 228-2500-109.dat
1 0 -208 -240 174 0 1 0 0 0 1 1 0 0 228-2500-069.dat
1 0 -224 -240 158 0 1 0 0 0 1 1 0 0 228-2500-069.dat
1 72 96 16 640 1 0 0 0 0 -1 0 1 0 228-2500-027.dat
1 72 96 -208 0 -1 0 0 0 -1 0 0 0 1 228-2500-030.dat
1 72 92 -144 320 -1 0 0 0 1 0 0 0 -1 228-2500-030.dat
1 72 96 240 0 1 0 0 0 1 0 0 0 1 228-2500-030.dat
1 72 96 159 0 1 0 0 0 1 0 0 0 1 228-2500-030.dat
1 72 96 16 -336 1 0 0 0 0 -1 0 1 0 228-2500-027.dat
1 71 96 311 548 1 0 0 0 0 -1 0 1 0 228-2536.dat
1 0 96 291 548 -1 0 0 0 0 1 0 1 0 228-2500-143-v2.dat
1 0 96 292 -224 -1 0 0 0 0 1 0 1 0 228-2500-143-v2.dat
1 0 96 264 -224 -1 0 0 0 0 1 0 1 0 228-2500-143-v2.dat
1 0 96 256 -224 -1 0 0 0 0 1 0 1 0 228-2500-114.dat
1 71 96 312 -224 1 0 0 0 0 -1 0 1 0 228-2536.dat
1 0 64 -265 -228 -1 0 0 0 0 -1 0 -1 0 228-2500-143-v2.dat
1 0 64 -237 -228 -1 0 0 0 0 -1 0 -1 0 228-2500-143-v2.dat
1 0 64 -229 -228 -1 0 0 0 0 -1 0 -1 0 228-2500-114.dat
1 71 64 -285 -228 1 0 0 0 0 1 0 -1 0 228-2536.dat
1 0 96 -260 544 -1 0 0 0 0 -1 0 -1 0 228-2500-143-v2.dat
1 0 96 -232 544 -1 0 0 0 0 -1 0 -1 0 228-2500-143-v2.dat
1 0 96 -224 544 -1 0 0 0 0 -1 0 -1 0 228-2500-114.dat
1 71 96 -280 544 1 0 0 0 0 1 0 -1 0 228-2536.dat
0 FILE VEXTreadClosed-1.ldr
0 Author: LDCad
0 !KEYWORDS flexible, chain
0 !LDCAD CONTENT [type=path] [addFallBack=default] [looped=true] [displayKind=links] [curveStep=16] [displayLenCor=0]

0 !LDCAD PATH_POINT [type=circle] [posOri=0 0 8 1 0 0 0 1 0 0 0 1] [prevCPDist=25] [nextCPDist=25] [cirR=41] [cirDir=xyCW] [prevYRoll=0] [nextYRoll=0]
0 !LDCAD PATH_POINT [type=circle] [posOri=192 0 8 1 0 0 0 1 0 0 0 1] [prevCPDist=25] [nextCPDist=25] [cirR=41] [cirDir=xyCW] [prevYRoll=0] [nextYRoll=0]

0 !LDCAD PATH_SKIN [donCol=16] [donOri=0 1 0 0 0 1 1 0 0] [donPart=228-2500-231.dat] [donYSize=100%] [donCen=partCen] [donCenYOfs=0] [donFinScale=none] [donPlace=refsStat] [donYAlign=1] [donInline=false] [segSize=16] [segSizeTol=0] [segsCnt=0] [segsGrp=0] [segsMaxMerge=1] [segsMrgAng=0] [segsMrgRollAng=0] [segsEdgeDelKind=keepFirstLeft]

0 !LDCAD GENERATED [generator=LDCad 1.5]
0 FILE VEXChainClosed-1.ldr
0 Author: LDCad
0 !KEYWORDS flexible, chain
0 !LDCAD CONTENT [type=path] [addFallBack=default] [looped=true] [displayKind=links] [curveStep=16] [displayLenCor=0]

0 !LDCAD PATH_POINT [type=circle] [posOri=0 0 8 1 0 0 0 1 0 0 0 1] [prevCPDist=25] [nextCPDist=25] [cirR=262] [cirDir=xyCW] [prevYRoll=0] [nextYRoll=0]
0 !LDCAD PATH_POINT [type=circle] [posOri=192 0 8 1 0 0 0 1 0 0 0 1] [prevCPDist=25] [nextCPDist=25] [cirR=269.5] [cirDir=xyCW] [prevYRoll=0] [nextYRoll=0]

0 !LDCAD PATH_SKIN [donCol=16] [donOri=0 1 0 0 0 1 1 0 0] [donPart=228-2500-230.dat] [donYSize=100%] [donCen=partCen] [donCenYOfs=0] [donFinScale=none] [donPlace=refsStat] [donYAlign=1] [donInline=false] [segSize=16] [segSizeTol=0] [segsCnt=0] [segsGrp=0] [segsMaxMerge=1] [segsMrgAng=0] [segsMrgRollAng=0] [segsEdgeDelKind=keepFirstLeft]

0 !LDCAD GENERATED [generator=LDCad 1.5]
0 //This is the fallback LDraw content for above PATH configuration.
0 // Do not edit, any changes will be lost upon regeneration.
0 // The path is approx 821.45 mm (2053.62) and exists out of 128 segments.
0 // warning: the path could not be filled out completly resulting in 2.25 mm (5.62) dead space due to configuration induced constrains.

0 //Some general hints about the document.
0 UNOFFICIAL PART 
0 BFC CERTIFY CCW

0 //Segments
1 16 -261.509925 -15.992493 8 0 0.999531 -0.03063 0 0.03063 0.999531 1 0 0 228-2500-230.dat
1 16 -260.044566 -31.925249 8 0 0.995797 -0.091585 0 0.091585 0.995797 1 0 0 228-2500-230.dat
1 16 -257.609383 -47.738847 8 0 0.98835 -0.152199 0 0.152199 0.98835 1 0 0 228-2500-230.dat
1 16 -254.213452 -63.374309 8 0 0.977216 -0.212246 0 0.212246 0.977216 1 0 0 228-2500-230.dat
1 16 -249.869433 -78.773318 8 0 0.962438 -0.271501 0 0.271501 0.962438 1 0 0 228-2500-230.dat
1 16 -244.593522 -93.878442 8 0 0.94407 -0.329744 0 0.329744 0.94407 1 0 0 228-2500-230.dat
1 16 -238.405392 -108.633341 8 0 0.922181 -0.386758 0 0.386758 0.922181 1 0 0 228-2500-230.dat
1 16 -231.328116 -122.982981 8 0 0.896852 -0.44233 0 0.44233 0.896852 1 0 0 228-2500-230.dat
1 16 -223.388086 -136.873839 8 0 0.868179 -0.496252 0 0.496252 0.868179 1 0 0 228-2500-230.dat
1 16 -214.614912 -150.254101 8 0 0.836266 -0.548323 0 0.548323 0.836266 1 0 0 228-2500-230.dat
1 16 -205.041312 -163.073859 8 0 0.801235 -0.59835 0 0.59835 0.801235 1 0 0 228-2500-230.dat
1 16 -194.70299 -175.285291 8 0 0.763215 -0.646145 0 0.646145 0.763215 1 0 0 228-2500-230.dat
1 16 -183.638502 -186.842848 8 0 0.722347 -0.69153 0 0.69153 0.722347 1 0 0 228-2500-230.dat
1 16 -171.889115 -197.703414 8 0 0.678785 -0.734337 0 0.734337 0.678785 1 0 0 228-2500-230.dat
1 16 -159.498649 -207.826475 8 0 0.632691 -0.774404 0 0.774404 0.632691 1 0 0 228-2500-230.dat
1 16 -146.51332 -217.174267 8 0 0.584237 -0.811583 0 0.811583 0.584237 1 0 0 228-2500-230.dat
1 16 -132.98156 -225.711917 8 0 0.533603 -0.845735 0 0.845735 0.533603 1 0 0 228-2500-230.dat
1 16 -118.953841 -233.407573 8 0 0.480978 -0.876732 0 0.876732 0.480978 1 0 0 228-2500-230.dat
1 16 -104.482488 -240.232522 8 0 0.426559 -0.90446 0 0.90446 0.426559 1 0 0 228-2500-230.dat
1 16 -89.621479 -246.161301 8 0 0.370549 -0.928813 0 0.928813 0.370549 1 0 0 228-2500-230.dat
1 16 -74.426249 -251.171788 8 0 0.313155 -0.949702 0 0.949702 0.313155 1 0 0 228-2500-230.dat
1 16 -58.953479 -255.245287 8 0 0.254594 -0.967048 0 0.967048 0.254594 1 0 0 228-2500-230.dat
1 16 -43.260888 -258.366595 8 0 0.195082 -0.980787 0 0.980787 0.195082 1 0 0 228-2500-230.dat
1 16 -27.407013 -260.524062 8 0 0.134842 -0.990867 0 0.990867 0.134842 1 0 0 228-2500-230.dat
1 16 -11.450998 -261.709635 8 0 0.074098 -0.997251 0 0.997251 0.074098 1 0 0 228-2500-230.dat
1 16 4.535102 -262.376412 8 0 0.041674 -0.999131 0 0.999131 0.041674 1 0 0 228-2500-230.dat
1 16 20.522852 -263.002393 8 0 0.039124 -0.999234 0 0.999234 0.039124 1 0 0 228-2500-230.dat
1 16 36.51064 -263.627405 8 0 0.039063 -0.999237 0 0.999237 0.039063 1 0 0 228-2500-230.dat
1 16 52.498428 -264.252405 8 0 0.039063 -0.999237 0 0.999237 0.039063 1 0 0 228-2500-230.dat
1 16 68.486217 -264.877405 8 0 0.039063 -0.999237 0 0.999237 0.039063 1 0 0 228-2500-230.dat
1 16 84.474005 -265.502405 8 0 0.039063 -0.999237 0 0.999237 0.039063 1 0 0 228-2500-230.dat
1 16 100.461793 -266.127405 8 0 0.039063 -0.999237 0 0.999237 0.039063 1 0 0 228-2500-230.dat
1 16 116.449582 -266.752405 8 0 0.039063 -0.999237 0 0.999237 0.039063 1 0 0 228-2500-230.dat
1 16 132.43737 -267.377405 8 0 0.039063 -0.999237 0 0.999237 0.039063 1 0 0 228-2500-230.dat
1 16 148.425158 -268.002405 8 0 0.039062 -0.999237 0 0.999237 0.039062 1 0 0 228-2500-230.dat
1 16 164.412947 -268.627405 8 0 0.039062 -0.999237 0 0.999237 0.039062 1 0 0 228-2500-230.dat
1 16 180.400735 -269.252405 8 0 0.039062 -0.999237 0 0.999237 0.039062 1 0 0 228-2500-230.dat
1 16 196.399883 -269.417503 8 0 0.010319 -0.999947 0 0.999947 0.010319 1 0 0 228-2500-230.dat
1 16 212.381989 -268.661009 8 0 -0.047281 -0.998882 0 0.998882 -0.047281 1 0 0 228-2500-230.dat
1 16 228.299334 -267.036776 8 0 -0.101515 -0.994834 0 0.994834 -0.101515 1 0 0 228-2500-230.dat
1 16 244.080206 -264.39782 8 0 -0.164935 -0.986304 0 0.986304 -0.164935 1 0 0 228-2500-230.dat
1 16 259.676248 -260.825221 8 0 -0.223287 -0.974753 0 0.974753 -0.223287 1 0 0 228-2500-230.dat
1 16 275.03251 -256.332424 8 0 -0.2808 -0.959766 0 0.959766 -0.2808 1 0 0 228-2500-230.dat
1 16 290.094743 -250.935281 8 0 -0.337321 -0.94139 0 0.94139 -0.337321 1 0 0 228-2500-230.dat
1 16 304.840537 -244.725486 8 0 -0.388112 -0.921612 0 0.921612 -0.388112 1 0 0 228-2500-230.dat
1 16 319.158863 -237.585072 8 0 -0.446276 -0.894895 0 0.894895 -0.446276 1 0 0 228-2500-230.dat
1 16 333.026983 -229.605394 8 0 -0.49873 -0.866757 0 0.866757 -0.49873 1 0 0 228-2500-230.dat
1 16 346.396536 -220.815908 8 0 -0.549343 -0.835597 0 0.835597 -0.549343 1 0 0 228-2500-230.dat
1 16 359.266603 -211.310048 8 0 -0.594116 -0.804379 0 0.804379 -0.594116 1 0 0 228-2500-230.dat
1 16 371.502017 -201.000119 8 0 -0.644371 -0.764713 0 0.764713 -0.644371 1 0 0 228-2500-230.dat
1 16 383.103387 -189.981579 8 0 -0.688659 -0.725086 0 0.725086 -0.688659 1 0 0 228-2500-230.dat
1 16 394.029735 -178.293341 8 0 -0.730515 -0.682897 0 0.682897 -0.730515 1 0 0 228-2500-230.dat
1 16 404.242433 -165.976653 8 0 -0.769793 -0.638294 0 0.638294 -0.769793 1 0 0 228-2500-230.dat
1 16 413.76832 -153.121402 8 0 -0.803453 -0.595368 0 0.595368 -0.803453 1 0 0 228-2500-230.dat
1 16 422.452168 -139.682995 8 0 -0.8399 -0.542741 0 0.542741 -0.8399 1 0 0 228-2500-230.dat
1 16 430.321837 -125.752155 8 0 -0.870678 -0.491854 0 0.491854 -0.870678 1 0 0 228-2500-230.dat
1 16 437.350039 -111.378416 8 0 -0.898359 -0.439263 0 0.439263 -0.898359 1 0 0 228-2500-230.dat
1 16 443.511925 -96.612537 8 0 -0.922867 -0.385118 0 0.385118 -0.922867 1 0 0 228-2500-230.dat
1 16 448.859949 -81.532795 8 0 -0.942484 -0.334252 0 0.334252 -0.942484 1 0 0 228-2500-230.dat
1 16 453.232272 -66.141798 8 0 -0.961937 -0.27327 0 0.27327 -0.961937 1 0 0 228-2500-230.dat
1 16 456.681353 -50.517975 8 0 -0.976489 -0.215568 0 0.215568 -0.976489 1 0 0 228-2500-230.dat
1 16 459.196155 -34.716843 8 0 -0.987571 -0.157175 0 0.157175 -0.987571 1 0 0 228-2500-230.dat
1 16 460.767794 -18.794219 8 0 -0.995164 -0.098227 0 0.098227 -0.995164 1 0 0 228-2500-230.dat
1 16 461.469845 -2.809629 8 0 -0.999037 -0.043878 0 0.043878 -0.999037 1 0 0 228-2500-230.dat
1 16 461.147938 13.187133 8 0 -0.999798 0.020119 0 -0.020119 -0.999798 1 0 0 228-2500-230.dat
1 16 459.874457 29.136372 8 0 -0.996827 0.079593 0 -0.079593 -0.996827 1 0 0 228-2500-230.dat
1 16 457.655648 44.981778 8 0 -0.990338 0.138676 0 -0.138676 -0.990338 1 0 0 228-2500-230.dat
1 16 454.575889 60.682577 8 0 -0.9813 0.192485 0 -0.192485 -0.9813 1 0 0 228-2500-230.dat
1 16 450.497811 76.154141 8 0 -0.966973 0.25488 0 -0.25488 -0.966973 1 0 0 228-2500-230.dat
1 16 445.507517 91.356014 8 0 -0.950117 0.311893 0 -0.311893 -0.950117 1 0 0 228-2500-230.dat
1 16 439.622977 106.234596 8 0 -0.929911 0.367784 0 -0.367784 -0.929911 1 0 0 228-2500-230.dat
1 16 432.864942 120.737319 8 0 -0.90642 0.422377 0 -0.422377 -0.90642 1 0 0 228-2500-230.dat
1 16 425.326405 134.850095 8 0 -0.882049 0.471159 0 -0.471159 -0.882049 1 0 0 228-2500-230.dat
1 16 416.900389 148.451649 8 0 -0.850097 0.526626 0 -0.526626 -0.850097 1 0 0 228-2500-230.dat
1 16 407.680447 161.528065 8 0 -0.817276 0.576246 0 -0.576246 -0.817276 1 0 0 228-2500-230.dat
1 16 397.699955 174.033655 8 0 -0.781599 0.623781 0 -0.623781 -0.781599 1 0 0 228-2500-230.dat
1 16 386.99416 185.924237 8 0 -0.743161 0.669112 0 -0.669112 -0.743161 1 0 0 228-2500-230.dat
1 16 375.656472 197.213915 8 0 -0.705605 0.708606 0 -0.708606 -0.705605 1 0 0 228-2500-230.dat
1 16 363.619782 207.755172 8 0 -0.658829 0.752293 0 -0.752293 -0.658829 1 0 0 228-2500-230.dat
1 16 350.97716 217.561502 8 0 -0.612896 0.790164 0 -0.790164 -0.612896 1 0 0 228-2500-230.dat
1 16 337.77427 226.599406 8 0 -0.564869 0.825181 0 -0.825181 -0.564869 1 0 0 228-2500-230.dat
1 16 324.097974 234.903556 8 0 -0.519009 0.854769 0 -0.854769 -0.519009 1 0 0 228-2500-230.dat
1 16 309.918335 242.315562 8 0 -0.46325 0.886227 0 -0.886227 -0.46325 1 0 0 228-2500-230.dat
1 16 295.323392 248.872059 8 0 -0.409781 0.912184 0 -0.912184 -0.409781 1 0 0 228-2500-230.dat
1 16 280.364745 254.549988 8 0 -0.354871 0.934915 0 -0.934915 -0.354871 1 0 0 228-2500-230.dat
1 16 265.095212 259.329251 8 0 -0.298704 0.954346 0 -0.954346 -0.298704 1 0 0 228-2500-230.dat
1 16 249.587811 263.268862 8 0 -0.246226 0.969213 0 -0.969213 -0.246226 1 0 0 228-2500-230.dat
1 16 233.860121 266.208209 8 0 -0.183709 0.982981 0 -0.982981 -0.183709 1 0 0 228-2500-230.dat
1 16 217.985503 268.207333 8 0 -0.124945 0.992164 0 -0.992164 -0.124945 1 0 0 228-2500-230.dat
1 16 202.020161 269.25988 8 0 -0.065784 0.997834 0 -0.997834 -0.065784 1 0 0 228-2500-230.dat
1 16 186.020487 269.362107 8 0 -0.006389 0.99998 0 -0.99998 -0.006389 1 0 0 228-2500-230.dat
1 16 170.028938 268.84216 8 0 0.032497 0.999472 0 -0.999472 0.032497 1 0 0 228-2500-230.dat
1 16 154.04098 268.221508 8 0 0.038791 0.999247 0 -0.999247 0.038791 1 0 0 228-2500-230.dat
1 16 138.053177 267.596891 8 0 0.039039 0.999238 0 -0.999238 0.039039 1 0 0 228-2500-230.dat
1 16 122.065387 266.971935 8 0 0.03906 0.999237 0 -0.999237 0.03906 1 0 0 228-2500-230.dat
1 16 106.077598 266.34694 8 0 0.039062 0.999237 0 -0.999237 0.039062 1 0 0 228-2500-230.dat
1 16 90.08981 265.72194 8 0 0.039062 0.999237 0 -0.999237 0.039062 1 0 0 228-2500-230.dat
1 16 74.102022 265.09694 8 0 0.039062 0.999237 0 -0.999237 0.039062 1 0 0 228-2500-230.dat
1 16 58.114233 264.47194 8 0 0.039062 0.999237 0 -0.999237 0.039062 1 0 0 228-2500-230.dat
1 16 42.126445 263.84694 8 0 0.039062 0.999237 0 -0.999237 0.039062 1 0 0 228-2500-230.dat
1 16 26.138657 263.22194 8 0 0.039062 0.999237 0 -0.999237 0.039062 1 0 0 228-2500-230.dat
1 16 10.150869 262.59694 8 0 0.039062 0.999237 0 -0.999237 0.039062 1 0 0 228-2500-230.dat
1 16 -5.83692 261.97194 8 0 0.039063 0.999237 0 -0.999237 0.039063 1 0 0 228-2500-230.dat
1 16 -21.809111 261.029014 8 0 0.058933 0.998262 0 -0.998262 0.058933 1 0 0 228-2500-230.dat
1 16 -37.70392 259.197336 8 0 0.11448 0.993426 0 -0.993426 0.11448 1 0 0 228-2500-230.dat
1 16 -53.458998 256.408518 8 0 0.174301 0.984692 0 -0.984692 0.174301 1 0 0 228-2500-230.dat
1 16 -69.033163 252.74172 8 0 0.229175 0.973385 0 -0.973385 0.229175 1 0 0 228-2500-230.dat
1 16 -84.331411 248.055185 8 0 0.292908 0.95614 0 -0.95614 0.292908 1 0 0 228-2500-230.dat
1 16 -99.315056 242.443557 8 0 0.350727 0.936478 0 -0.936478 0.350727 1 0 0 228-2500-230.dat
1 16 -113.928219 235.927771 8 0 0.407237 0.913323 0 -0.913323 0.407237 1 0 0 228-2500-230.dat
1 16 -128.116397 228.532124 8 0 0.462228 0.886761 0 -0.886761 0.462228 1 0 0 228-2500-230.dat
1 16 -141.826671 220.284191 8 0 0.515496 0.856892 0 -0.856892 0.515496 1 0 0 228-2500-230.dat
1 16 -155.007904 211.214732 8 0 0.566841 0.823827 0 -0.823827 0.566841 1 0 0 228-2500-230.dat
1 16 -167.610931 201.357566 8 0 0.616073 0.787689 0 -0.787689 0.616073 1 0 0 228-2500-230.dat
1 16 -179.588742 190.749454 8 0 0.663007 0.748613 0 -0.748613 0.663007 1 0 0 228-2500-230.dat
1 16 -190.89666 179.429958 8 0 0.707469 0.706745 0 -0.706745 0.707469 1 0 0 228-2500-230.dat
1 16 -201.492503 167.441292 8 0 0.749292 0.66224 0 -0.66224 0.749292 1 0 0 228-2500-230.dat
1 16 -211.336747 154.828169 8 0 0.78832 0.615265 0 -0.615265 0.78832 1 0 0 228-2500-230.dat
1 16 -220.392668 141.637631 8 0 0.824409 0.565995 0 -0.565995 0.824409 1 0 0 228-2500-230.dat
1 16 -228.626485 127.918875 8 0 0.857422 0.514614 0 -0.514614 0.857422 1 0 0 228-2500-230.dat
1 16 -236.007479 113.723069 8 0 0.887238 0.461312 0 -0.461312 0.887238 1 0 0 228-2500-230.dat
1 16 -242.508114 99.10316 8 0 0.913744 0.40629 0 -0.40629 0.913744 1 0 0 228-2500-230.dat
1 16 -248.104137 84.113679 8 0 0.936843 0.349751 0 -0.349751 0.936843 1 0 0 228-2500-230.dat
1 16 -252.774669 68.810538 8 0 0.956446 0.291908 0 -0.291908 0.956446 1 0 0 228-2500-230.dat
1 16 -256.502281 53.250817 8 0 0.972483 0.232976 0 -0.232976 0.972483 1 0 0 228-2500-230.dat
1 16 -259.273063 37.492557 8 0 0.984891 0.173174 0 -0.173174 0.984891 1 0 0 228-2500-230.dat
1 16 -261.076674 21.594539 8 0 0.993626 0.112726 0 -0.112726 0.993626 1 0 0 228-2500-230.dat
1 16 -261.906379 5.616066 8 0 0.998655 0.051857 0 -0.051857 0.998655 1 0 0 228-2500-230.dat
0 FILE VEXChain-1.ldr
0 Author: LDCad
0 !KEYWORDS flexible, chain
0 !LDCAD CONTENT [type=path] [addFallBack=default] [looped=false] [displayKind=links] [curveStep=16] [displayLenCor=0]

0 !LDCAD PATH_POINT [type=bezier] [posOri=0 0 0 1 0 0 0 1 0 0 0 1] [prevCPDist=25] [nextCPDist=25] [cirR=20] [cirDir=xyCW] [prevYRoll=0] [nextYRoll=0]
0 !LDCAD PATH_POINT [type=bezier] [posOri=0 -80 0 1 0 0 0 1 0 0 0 1] [prevCPDist=25] [nextCPDist=25] [cirR=20] [cirDir=xyCW] [prevYRoll=0] [nextYRoll=0]

0 !LDCAD PATH_SKIN [donCol=16] [donOri=1 0 0 0 0 -1 0 1 0] [donPart=228-2500-230.dat] [donYSize=100%] [donCen=partCen] [donCenYOfs=0] [donFinScale=none] [donPlace=refsStat] [donYAlign=-1] [donInline=false] [segSize=16] [segSizeTol=0] [segsCnt=0] [segsGrp=0] [segsMaxMerge=1] [segsMrgAng=0] [segsMrgRollAng=0] [segsEdgeDelKind=keepFirstLeft]
0 !LDCAD PATH_LENGTH [lenTarget=100] [lenMargin=0]

0 !LDCAD GENERATED [generator=LDCad 1.5]
0 FILE VEXChainClosed-2.ldr
0 Author: LDCad
0 !KEYWORDS flexible, chain
0 !LDCAD CONTENT [type=path] [addFallBack=default] [looped=true] [displayKind=links] [curveStep=16] [displayLenCor=0]

0 !LDCAD PATH_POINT [type=circle] [posOri=0 0 8 1 0 0 0 1 0 0 0 1] [prevCPDist=25] [nextCPDist=25] [cirR=41] [cirDir=xyCW] [prevYRoll=0] [nextYRoll=0]
0 !LDCAD PATH_POINT [type=circle] [posOri=192 0 8 1 0 0 0 1 0 0 0 1] [prevCPDist=25] [nextCPDist=25] [cirR=41] [cirDir=xyCW] [prevYRoll=0] [nextYRoll=0]


0 !LDCAD GENERATED [generator=LDCad 1.5]
0 FILE VEXChain-2.ldr
0 Author: LDCad
0 !KEYWORDS flexible, chain
0 !LDCAD CONTENT [type=path] [addFallBack=default] [looped=false] [displayKind=links] [curveStep=16] [displayLenCor=0]

0 !LDCAD PATH_POINT [type=bezier] [posOri=0 0 0 1 0 0 0 1 0 0 0 1] [prevCPDist=25] [nextCPDist=25] [cirR=20] [cirDir=xyCW] [prevYRoll=0] [nextYRoll=0]
0 !LDCAD PATH_POINT [type=bezier] [posOri=0 -80 0 1 0 0 0 1 0 0 0 1] [prevCPDist=25] [nextCPDist=25] [cirR=20] [cirDir=xyCW] [prevYRoll=0] [nextYRoll=0]

0 !LDCAD PATH_SKIN [donCol=16] [donOri=1 0 0 0 0 -1 0 1 0] [donPart=228-2500-230.dat] [donYSize=100%] [donCen=partCen] [donCenYOfs=0] [donFinScale=none] [donPlace=refsStat] [donYAlign=-1] [donInline=false] [segSize=16] [segSizeTol=0] [segsCnt=0] [segsGrp=0] [segsMaxMerge=1] [segsMrgAng=0] [segsMrgRollAng=0] [segsEdgeDelKind=keepFirstLeft]

0 !LDCAD GENERATED [generator=LDCad 1.5]
0 //This is the fallback LDraw content for above PATH configuration.
0 // Do not edit, any changes will be lost upon regeneration.
0 // The path is approx 32.00 mm (80.00) and exists out of 5 segments.

0 //Some general hints about the document.
0 UNOFFICIAL PART 
0 BFC CERTIFY CCW

0 //Segments
1 16 0 0 0 1 0 0 0 0 -1 0 1 0 228-2500-230.dat
1 16 0 -16 0 1 0 0 0 0 -1 0 1 0 228-2500-230.dat
1 16 0 -32 0 1 0 0 0 0 -1 0 1 0 228-2500-230.dat
1 16 0 -48 0 1 0 0 0 0 -1 0 1 0 228-2500-230.dat
1 16 0 -64 0 1 0 0 0 0 -1 0 1 0 228-2500-230.dat
